88641
89259
35807
49628
73781
68842
69806
72363
48525
76755
47984
17189
49630
66778
86335
87699
78061
82567
81553
80388
57541
88233
60549
88109
88435
82333
40280
83441
52281
66648
18336
78570
59033
76084
24040
68862
65675
87927
26807
65008
31116
62410
62732
48177
63339
76270
7574
88866
31852
76985
66714
78052
27850
49327
43656
56256
61556
52975
44157
35219
41496
17329
62801
32553
44445
80007
23111
48363
14212
47603
10386
77263
25222
74540
73159
30255
53475
83315
85744
89329
45609
45122
79557
40913
30372
37805
27839
86928
44897
40460
82184
56405
30935
84756
85445
86488
33357
79407
11141
69117
86902
14427
66810
32561
69840
87893
47345
81772
24812
81962
37756
18093
24458
55495
21800
51936
88793
30366
76171
61842
70209
87971
46636
86882
32877
61982
64421
17011
80414
58034
60586
88037
39095
16506
51417
49657
34838
67132
63551
19386
59042
41800
34786
59533
29432
71190
62369
49124
27009
70759
70091
83945
67532
22068
29268
35192
45215
65491
49606
84001
78603
40266
80683
80934
39820
20691
15554
31008
62043
61061
73394
66024
57308
25072
37050
24888
52521
80881
45141
68392
50408
12844
77316
44820
20375
78762
87340
78240
38640
40692
48504
34030
69454
51945
10093
87225
43662
37399
79843
69431
46186
57450
45928
56133
85392
87872
18870
42233
85250
84956
31283
43876
27145
87049
38542
45192
83568
22738
69279
50047
71552
36915
28901
19196
50939
44292
68903
57185
32861
18709
9847
49236
67055
82949
17607
40915
52888
69963
56477
81575
33371
86278
41820
45750
22021
49305
6689
47340
21466
28813
85940
83602
57591
26368
87680
89338
81436
73400
41732
84316
24411
87183
67337
26337
25728
76436
32234
60835
80419
47473
47374
88871
86830
46778
86957
45064
50403
78232
46284
65064
84437
27731
29372
9985
13777
68930
31422
82520
88116
44022
55940
33936
86300
23468
42901
85811
30406
31416
12349
18913
37254
78030
49582
43559
28581
81040
39393
21692
58094
89350
4111
49087
21813
13470
52146
64881
31965
61265
27849
44763
41858
9672
33822
61986
13496
13242
43352
84996
9344
79833
43147
76630
37595
18503
59985
62498
22044
49064
37955
71931
87573
89091
73537
46380
63589
77556
26305
16250
89488
81523
29613
33884
33831
61699
85542
40288
80848
37655
29564
36550
49439
83792
30341
68185
8497
51653
43351
53387
79629
81012
10365
38466
19037
59410
41305
63612
35519
18927
34257
89236
58003
39035
52470
48566
22642
16091
30242
40017
26563
73807
66342
25028
67017
88520
22430
76333
52722
80160
33210
41716
59984
27089
29193
13374
66096
33020
34744
38296
50739
50938
47128
36000
57700
70486
85153
84840
87748
64475
57220
40184
79738
49812
18163
23266
31486
86943
43004
25956
83388
46728
40705
73431
45913
28777
87693
13234
86667
23560
41935
69995
5078
62811
27485
61508
34530
42590
38441
63066
45725
46014
83304
31413
23546
67770
34561
33640
57778
12297
83168
15152
15350
86728
78315
68976
64947
25744
42231
46934
52732
44112
36649
23231
68792
40693
34856
60378
62439
68336
427
85810
28491
51789
29690
15294
38559
32587
24501
35613
43479
71388
8278
79049
54101
52284
41757
74414
22157
88702
41347
76993
83790
18014
38106
86075
18255
58058
64197
76637
31270
15295
36298
56620
41648
86080
38847
79118
60409
87266
68243
23626
38159
28533
47289
56406
9862
33929
3524
84619
75824
31370
87444
25602
71629
38011
54090
61872
15889
83877
18582
55091
59324
17204
38409
34283
9978
75279
38652
72447
7967
76960
32559
53050
43154
88856
71478
20106
20983
48271
56734
69487
30946
42006
20565
64869
89285
21412
57487
85493
73440
53492
1197
52992
33505
30213
11362
48118
45463
65781
4280
59207
52765
41896
43084
42929
13881
75510
4953
73989
43458
47423
30327
42891
10242
62735
58818
64828
58624
64187
12341
66823
15802
46614
54081
37898
17032
88414
79781
32216
33275
15426
45135
44998
16598
49058
77428
77268
17313
86605
75005
54539
20420
37106
34494
72194
36442
62205
44175
36488
41198
22884
12919
84201
24908
42383
56177
14293
84513
28788
9150
69366
46737
21061
17963
52208
24190
38620
84693
88802
51787
63699
9746
74409
50262
28288
40314
83697
77323
24415
72221
56790
39495
10234
21836
72830
70413
66038
27895
76261
55380
51565
87099
27682
16636
76598
17388
86972
30369
59570
25534
40973
79423
49288
38541
17948
88422
68002
41330
59678
23792
67190
29519
22076
37223
25701
33388
33925
48631
53352
32184
79148
43834
43590
19950
74169
31167
46510
37369
38074
27535
81897
48367
38624
53614
71331
19277
39855
19403
51386
38884
54958
1606
85241
1897
63119
40726
47673
59498
66663
9440
76132
240
27263
83294
52191
42456
88632
27341
67294
43342
20468
62481
83751
50551
68054
4153
60279
71530
74194
31024
85609
73784
67445
71590
86146
39156
52577
46473
32969
19339
67980
13360
62208
43710
41892
83204
39960
71962
52714
34570
16099
38821
60603
42785
54720
41174
54302
55237
40092
23686
42491
4265
38137
45756
80142
31140
50347
49468
84431
45325
28550
46532
59755
10207
62370
64094
78024
31049
84588
7180
82958
85949
74792
22891
88689
57080
40766
41049
25168
368
58760
89251
35501
22194
82337
48289
55328
13464
34355
37856
22937
3055
29036
19821
88039
33803
41535
13772
43332
17770
39709
24644
67842
27959
86811
84895
60728
77468
88359
38557
86644
71465
36396
27205
21164
22080
44778
17290
65859
28145
42250
3152
37966
73138
69089
39112
79683
73581
64558
28486
59056
44514
81610
70193
38318
4789
71713
86884
77293
24308
74028
25130
37182
41736
72597
23825
84603
69384
74753
82247
64901
68624
22216
13981
89407
81917
56308
27409
71778
30885
85690
70597
79777
50231
76679
6952
79232
12314
57441
29771
81718
35083
46329
88847
46539
67217
50818
48223
54800
53844
60535
27078
47616
60919
40818
31456
69158
43801
13518
28863
42896
46618
67478
2443
78005
13261
65708
24062
39666
75118
68881
52871
56261
37300
47011
35196
86183
5908
24830
75265
80403
32483
60675
17302
64581
67941
20363
24773
74722
21447
41095
85280
63251
51490
78045
23246
36293
37692
26033
50196
24129
69956
88743
26379
44868
31963
35534
35014
74410
23082
40800
65418
41636
31277
21267
67553
48712
14805
39353
26689
18935
2421
83216
65305
18700
80302
14439
12011
31276
34951
47036
44089
54849
33833
59798
12029
42701
33563
87969
67800
49889
17643
45246
30151
49616
66543
84674
76952
46317
19782
15261
8743
45273
61479
34212
31114
88893
37347
72651
38258
86441
40452
74951
28629
48817
80874
75954
23445
56284
83703
46171
18747
23420
38994
81277
39682
39146
15987
81198
17993
78809
42519
78643
42334
86516
38750
73630
59010
79718
34315
79595
80170
45661
14083
72591
21849
32859
28614
38618
72551
63039
73841
74371
17553
20364
49629
50081
30413
62778
87577
15300
47458
36254
62751
79997
81857
79902
10044
59847
51747
50927
34070
64626
1844
84504
31447
70956
76678
38139
49318
61195
43492
30833
74043
30720
26230
58821
26207
30465
22310
74695
89435
45155
52857
85501
31325
66488
26666
55191
7909
58993
50553
72338
30398
49065
19414
61892
2299
31845
86137
70870
26052
49264
53250
64050
34850
45758
32892
76060
40168
51670
26092
66514
44367
50333
39926
62695
36675
65467
44638
88603
41137
46110
42752
84134
28959
26195
33667
46358
78304
81864
84078
20610
35047
85334
19830
36199
42874
44939
22679
50629
30030
47417
87155
47277
62966
79099
76265
46681
81951
66997
27838
21433
6329
32721
584
70579
23720
88595
73840
63500
48132
85282
63321
28884
47046
34007
86567
88995
51303
85344
82938
68197
62449
66827
18343
39407
25730
80071
51632
55541
16622
38335
3500
51006
17652
12918
86113
84945
11279
75939
11573
80023
45752
39337
33436
89454
46867
89349
19953
60303
42947
21600
52297
55740
8605
82540
62913
31598
47057
45821
4970
34371
44064
79301
83408
38876
21883
42872
19185
47251
79638
34338
13805
83104
40140
6191
34430
5817
10522
59110
42500
79976
43319
84858
82066
72420
27277
47455
40102
61557
5472
83757
35836
46035
34563
19639
48597
31064
31795
33012
21988
62881
5883
45134
26139
45242
14346
36472
85303
66548
32942
54736
54366
43954
59590
85890
39563
51362
78540
52068
22790
47177
32444
83594
72196
65035
14014
28593
29230
31234
64741
7175
65495
53570
24865
67840
54355
44125
20360
31111
17879
36229
1814
33476
1179
38859
22436
38496
21254
43184
36331
24470
67335
36735
49137
24742
13121
79252
45111
30262
23139
46912
2120
29666
32552
75134
21477
76243
66022
55352
3953
44884
50317
54393
22848
54161
27631
39072
13942
84599
49268
41852
84568
63390
25748
62281
24608
47318
44101
75760
31754
56514
33330
35680
38834
29640
2083
32400
19010
31548
21811
86484
32829
43905
41829
49410
3477
88936
40653
80978
34049
65524
31614
80106
26984
74120
20649
26384
32294
19753
24475
67302
19154
23226
23494
49624
29437
35914
30271
40139
11745
35311
71650
58275
54866
66263
12726
22202
3434
67396
61452
68953
10590
72465
21357
37286
30584
88944
32205
71158
33391
60269
27157
36069
68693
49845
51391
85782
25511
18899
63584
83625
22461
67001
53560
89484
48190
88240
62955
81094
30399
12284
26757
23517
89042
44966
70378
73707
88230
74077
39824
25723
65147
78835
23903
25091
35785
58724
46417
18381
48368
30235
59855
49059
26636
31886
79214
35016
37896
63765
77929
37108
7937
32318
14298
82525
61990
13182
29456
86014
39935
53458
43620
78238
69479
61862
65561
70641
24767
17709
21137
27532
12427
48729
36566
49561
45782
44375
62202
42704
19067
47278
28475
73967
373
57524
30212
45845
43478
57176
70212
62360
82629
61512
83334
76325
10686
70297
81894
41613
37268
55558
29323
54528
29610
86911
16236
38191
30363
23193
37503
78597
23220
43955
14864
88132
26837
67537
3111
87645
58040
51749
23095
87738
26040
47545
5686
67538
42438
24521
66875
76467
11933
35246
31085
38467
85820
77832
72443
41360
856
88287
21228
63921
5046
12600
54399
25341
1270
36031
61668
58820
14798
65260
10130
58851
43231
31423
47900
27074
73313
56926
23640
63325
88091
77254
32685
53602
22443
86788
49820
77248
41872
64684
74425
33511
26592
27503
28974
64958
76756
36545
28392
75165
56749
83937
83755
37034
59779
81363
7334
78934
19287
69722
13585
23808
503
11005
57765
77786
32656
84773
17271
78598
21345
10329
4950
59122
61949
78621
16718
49577
3702
48935
23751
72992
3285
88388
10654
41609
62266
72506
62884
61204
85162
84833
86485
89386
25981
33893
59776
61960
13007
63721
41572
17261
52419
77652
57195
39323
80676
37713
32971
33927
17421
82020
46381
63268
38146
53312
7504
30520
71991
58085
52754
45227
86453
62219
84029
42914
41203
55929
36089
67353
24720
59483
3450
65038
3237
79804
15595
32471
40910
62532
46289
63994
53945
66963
36729
37839
35904
34769
45399
35127
45569
32642
46804
22597
40305
72813
80390
81235
29299
36101
80686
69561
2278
24126
19542
51272
23447
68354
13235
54254
16761
59011
33244
33301
80172
30376
5885
87602
38007
77446
49558
59756
37830
75407
31198
33527
72749
30051
33239
35242
59240
16199
58844
43442
9419
63317
8318
82007
80058
79102
30898
44389
4380
54362
47891
47376
34647
86443
37066
32230
9519
75175
72466
39189
5270
14244
19934
46296
68531
26356
31799
46638
23995
82586
23480
33881
29971
42067
1014
87888
59176
83446
66452
17166
54059
55172
39950
34957
79821
41384
49842
46931
11020
66374
42253
83872
39149
38124
30927
50307
14816
79115
77743
43219
6395
83088
41467
76625
6174
33661
87243
37348
52565
68113
29017
37832
14058
49496
39795
46343
74421
24326
33808
64813
35068
44948
47827
83440
37525
32324
2532
61640
58108
47854
33718
45139
22383
76290
55073
35976
2252
84899
38977
39963
38608
26623
58977
47402
60693
80983
9653
48140
1627
81808
20437
37067
23533
77527
2751
32903
19861
82865
25210
34800
59546
36614
49225
35213
30315
53069
2068
85504
19427
8297
67530
85853
27461
76319
40365
59638
89372
54632
58849
7233
49600
78609
44781
73278
2846
73567
2522
75080
48099
78099
64364
49380
42173
82699
63082
33232
12929
65789
1103
45707
51523
75831
6650
87833
47791
41893
23014
19241
30856
73964
40617
64141
9425
22300
31941
44035
37542
87116
11904
41670
26710
70126
28658
60124
33076
87529
47875
53918
84541
43613
40084
33056
42750
68008
18104
74058
3424
65715
77896
85769
8161
17859
31075
41223
54298
27014
49861
56673
6864
84860
35907
41222
47034
88158
34012
56722
4933
88198
60398
51703
78550
89313
25422
59610
40554
29033
87258
41525
813
63930
19365
88848
59019
16074
44259
70224
11322
23611
89191
75972
3538
47297
36053
85188
18128
60954
78228
22749
7126
86726
26832
76875
49341
41534
17788
73565
73884
45407
80836
24247
43826
69571
45207
67036
19870
30484
75620
49381
26182
44031
22429
36040
79397
26978
31269
72971
39097
84905
13328
73237
38722
49407
43758
26786
69442
50870
9156
54428
25283
27739
20068
78135
33205
38667
26560
88479
14823
70951
85078
34058
40798
28803
85734
51876
65622
47158
28938
72819
2947
77535
12962
40414
12720
51859
56909
36668
74270
41745
47676
48134
43542
47414
55248
45271
2427
45488
79054
23762
87468
48781
6839
24237
64310
59061
28828
73689
19767
78272
85871
64517
79345
20373
44775
23580
36340
37109
15439
43051
62989
82208
74099
86232
6405
64442
59150
48403
79613
66380
8711
45018
23211
51401
18416
35069
85616
77320
21649
29726
40577
63913
45453
42144
11194
66248
57497
15791
18804
51557
50016
21629
16482
38118
37154
40878
33153
18091
30375
44473
6621
83180
34036
61789
62170
83980
49348
61638
1173
58316
8536
31791
83380
86816
29532
55841
33991
8837
42000
79003
73176
31717
21595
26626
21919
37073
62777
39374
11884
27362
16329
49323
45447
24212
47734
69654
38721
83571
33489
23377
30566
23019
44624
79000
62943
45047
42694
46134
15458
49477
11013
24173
2922
27287
43760
67186
11098
69763
20004
61969
16516
48650
63352
28624
37269
59247
61829
54247
83899
36593
9732
52081
36792
59608
67104
43437
39102
42266
22872
25924
29940
60749
23359
40917
20605
36961
80351
84621
38972
46893
21733
54972
65854
75683
4666
85736
82119
78496
34950
82587
16504
11732
24976
31151
12930
21173
26103
51793
23985
27123
31034
59453
39679
42698
2187
38600
27963
47078
32837
41041
41565
58769
38202
39165
906
9446
37461
31449
17692
56334
13995
21571
12694
77470
37554
66403
30958
29719
25919
70525
36516
82997
37905
63359
44405
44243
70528
62143
56327
35742
363
13303
13860
79451
44858
54198
63909
29291
76515
80878
64131
79505
65568
18357
18550
80461
35694
77131
86819
43185
33193
49030
70207
63554
30489
52696
42857
51870
10301
41142
57318
64940
760
24331
45590
58881
12393
61660
26018
49114
53892
53228
83426
28573
13164
76417
19457
70815
19576
39324
69000
77811
44202
42424
36722
28824
39898
58156
20090
60399
14334
81494
45290
54506
84156
15953
47957
43539
19927
59621
60377
73878
10363
60963
4323
31758
12121
70249
84495
47879
8586
35532
52683
57102
18181
45630
21535
56981
12926
87369
30295
13237
32202
62379
82883
71950
19451
33992
17025
69324
57171
77284
51657
71484
49373
68456
33105
19411
27791
25965
39139
44895
23822
13061
5009
49317
74358
73486
44937
74601
40201
22979
61569
66552
38218
51774
45846
49458
50729
82092
26630
24818
47106
68788
25031
52694
66287
18777
31222
38689
11095
40497
36541
85252
25812
83869
7451
56346
78818
59017
74327
40253
52809
51525
81533
19004
23491
12519
27715
83335
5749
23477
43213
63469
53954
32819
36583
50621
69892
46850
55153
34374
42967
43182
2290
74757
83278
33739
40047
33354
46193
23121
56866
88190
12533
74814
37409
34966
74010
63782
86588
50664
63639
24463
17941
64588
8749
60400
22185
61160
41741
16157
44545
33781
33450
85547
54411
83685
15317
48077
40696
34005
87104
54007
83217
54186
27822
65992
12874
35728
40958
54944
76806
62739
10761
30223
17873
85873
45259
42775
18763
24660
7814
51305
53373
75297
8299
68936
47030
67697
29282
32902
49754
87056
12340
66544
24373
36028
30491
79646
7765
34066
34250
40562
34539
31517
27957
27769
31019
32496
12020
82583
63569
29445
7579
55424
422
25703
75355
80407
1285
39110
85800
30995
81416
49131
2006
35673
88038
63177
37670
71586
85911
52119
21027
88734
50989
87218
66447
35903
39103
46493
43693
80740
22440
25590
64266
52451
14744
43998
51149
87239
43950
86362
41879
41487
22757
62393
45818
64454
27890
10988
20934
57477
35221
32800
13450
37486
40359
81666
25622
75481
28182
54160
4890
69505
28003
26808
25477
70559
80314
31986
82775
57150
22340
36515
50491
25971
88724
68032
10125
56922
27020
82887
11459
42764
1456
79429
32418
55805
21396
40748
48174
87708
65294
37942
23004
85030
24287
16018
41514
26708
42693
58896
38872
82496
38458
80226
82944
78524
28868
48212
25564
74714
34815
86437
76012
83645
38844
89041
27572
53056
23512
54711
47873
33727
40896
37452
88857
44394
17342
24352
13302
51688
16023
38424
25823
41335
46940
86251
83306
42508
52333
66673
29663
75562
69476
29867
49566
45519
28761
71653
89328
75051
39591
32018
62694
73446
47991
60106
66139
62172
64196
79267
20580
82510
38439
20451
56851
88645
19994
8035
47880
56818
9937
74822
41257
9276
36322
28692
38704
29459
34442
6805
34243
73108
76926
74584
46787
25840
44167
19849
22374
21613
84125
31386
29054
77197
21043
31861
33342
20727
30985
79935
70614
61774
16304
71802
34651
66808
49032
39213
22829
37697
33008
76872
55999
80346
33628
88366
37580
34389
6821
82610
25444
44607
5245
42031
89466
57474
29122
54716
24450
39955
37605
48768
81279
21508
41403
62193
30407
67863
26643
31521
37368
61629
44440
43900
28362
43394
10860
18871
63564
78947
37519
22416
36037
56461
84974
57199
32884
31946
54774
43296
47448
45332
69866
62019
87857
37624
70675
21439
76173
37582
44219
67115
20963
77389
65634
35649
39541
56416
66178
80027
344
60065
44577
48399
48622
82831
40540
23005
22844
68520
82616
42035
39909
53794
25241
45093
21026
39349
29088
22321
44391
81138
24646
48416
23962
68174
63244
47898
35688
45492
7575
86197
2289
47685
37761
69577
55639
80866
10172
83878
40550
43301
35599
51436
45809
38664
43978
35860
30530
41071
70009
30261
39619
29115
30500
79396
11429
27142
50718
40723
76405
50494
35745
82088
31597
39889
49872
41771
34318
58807
32523
16093
65372
69950
43775
44730
29549
88737
39627
23813
31355
46079
86946
71382
18910
46043
47167
88577
47513
87147
14593
76162
12752
34223
13539
86968
84087
26942
40484
25663
19189
21653
14766
68131
37187
42852
84025
38193
45424
86456
22221
48594
71733
57588
31130
45579
82266
27172
76548
39901
18466
73875
24324
29429
47262
45623
41442
41498
48224
58648
27404
48903
25463
87790
33769
35839
48273
57727
26065
42646
24036
48015
21189
61439
76298
64605
68315
60536
24772
62039
13391
10357
74955
31210
12684
62693
26238
67718
2919
89168
2709
76955
49232
21741
72350
41908
50560
74038
77007
57718
12621
72949
33368
49123
9927
31738
47186
18545
80937
35824
47807
39797
66466
27026
45408
75608
11890
56385
16017
25152
39081
70825
37735
4912
67501
88319
32607
64898
46397
85356
31150
72144
29061
45716
81741
54773
13340
48534
39485
74900
83686
69022
15519
79382
41061
33800
43384
72875
86121
86218
49191
43150
28522
52522
31571
57975
35563
14028
36709
78276
23017
62163
29644
29724
18947
22280
84670
33325
49888
54495
16331
79677
24596
12030
28493
43686
66478
33660
59753
73653
18934
18590
55320
58020
49480
56446
34535
63297
58468
35336
44591
26512
23918
64486
19089
54277
61573
29975
21348
86338
43183
78057
71855
54071
55152
82642
55316
31779
48956
83300
40071
56393
40541
89207
2075
35759
34622
27408
31359
44130
5221
89038
24386
34468
53238
64134
86286
21215
897
63678
15258
62390
18627
17927
30747
26854
17638
54994
23472
15150
37006
71989
36680
64444
34968
53452
23909
51690
40509
27843
34638
68605
9992
30802
33299
87770
26840
77781
14606
48902
86983
84813
17136
81072
63413
36787
26546
71527
34795
49104
31420
40760
70674
68760
61816
32385
34954
43359
68506
86712
45052
86045
47630
56011
48426
25113
77630
22257
622
74064
37043
75731
3182
79668
32628
35070
24028
11239
51452
42552
5725
36728
49203
57153
73943
22820
49184
30762
22730
49612
42744
44362
2256
43802
85573
56753
67504
34256
6217
40145
3671
40806
17476
31394
30998
21081
47872
27343
25990
64792
38158
82979
24833
66499
69789
18604
47723
38743
39526
86343
19581
33218
60148
39924
25070
43465
59039
34986
59978
67028
34525
56946
48692
31904
58189
19526
14459
83884
32118
62222
47230
40916
36671
60037
44814
51921
24615
43074
48184
36397
45765
39699
32463
29329
42024
42821
27510
48958
24730
63102
26679
86236
31093
45119
83101
66375
65619
68167
34543
58097
72935
56027
13078
31013
21625
24086
31467
49372
79790
15524
5780
39191
32365
23090
44509
52036
63558
55528
33221
34921
38650
70150
28729
54840
53947
66502
28832
5284
64481
68442
47905
74994
28339
63488
76569
17180
48187
71625
87598
45557
37056
57400
21802
79574
41181
34753
32358
63187
29868
38587
3380
14373
14274
87769
86603
48243
74341
3451
36619
32982
16064
69301
85244
37599
33585
66990
32164
32764
10359
69632
14075
31400
75252
41438
60391
48847
10322
32579
37653
65527
9513
32803
33767
50672
74838
31383
15658
89387
23673
33896
36363
59980
85691
36456
65908
35825
31694
42627
41296
29828
28212
40236
44990
24048
30483
48434
18277
26330
78817
79125
5987
78361
49776
28074
27571
45150
1956
58693
33480
57637
61081
47533
33088
23877
67781
64295
88483
66129
11720
25273
18628
38196
68027
46924
7499
62125
20929
64493
3969
28301
26105
45532
28602
67240
35709
38962
53037
36390
17663
10684
82681
84576
5334
53850
45033
51014
83853
62308
17079
49169
84581
6040
28462
75809
18330
21359
2563
37071
48670
27654
55666
65217
20293
77950
7262
28696
11384
82585
36659
47361
39957
22803
38990
44021
14906
87765
38658
33445
80592
67133
30791
69037
30916
27155
27125
3136
84706
47469
21992
76611
2467
5326
46293
86423
32497
23989
22040
60745
71329
58782
82970
78928
22825
22266
33179
37711
52925
39219
4347
54965
14412
21609
7670
14366
77029
37439
4709
26299
39288
67169
21825
45423
3038
80687
1893
86671
72131
26999
13560
34701
7662
84696
25160
49660
24567
34533
44385
39937
35277
87641
40341
51167
60143
51838
48774
44826
44316
62805
16801
17531
21365
45779
86199
73102
35286
27010
24873
56911
77875
62951
40725
84821
23318
61999
75786
68784
57979
11712
4222
87610
26575
48075
31202
69127
55824
81029
16127
41752
74943
50175
24600
87891
12802
48816
22604
41882
32818
61650
24356
54243
9158
32914
21319
60941
23432
67985
11994
35533
78369
31907
41038
45713
24933
80822
40150
59022
11157
33731
45331
43720
32779
40059
40755
37316
11366
38682
85484
74500
48518
45158
33694
54042
12078
86590
29100
53296
17423
34684
26925
43178
15184
36662
26282
11711
88253
89415
87707
87020
32157
71577
16470
83614
21038
45120
85397
61467
43886
15755
47727
87727
11395
62497
29592
29809
59474
15888
27443
3533
61713
61745
30517
62327
66936
23631
37246
27449
34204
34939
69954
31615
13719
19947
26964
53563
29752
40619
3889
66348
76839
23721
46056
85034
69029
46881
35396
22964
41553
53142
48833
31991
43081
81802
62464
63076
4620
78728
62996
33348
72024
69604
15730
38024
42425
47105
60446
64176
34033
86084
9168
72245
25100
35010
61750
88276
57776
39596
25369
34238
1707
52769
36828
49130
6277
33482
13596
86839
85171
32341
61306
71247
18671
31060
27964
70140
34666
88043
19593
42756
49302
39896
12023
47655
37155
44472
21898
24219
43779
14702
69822
77850
21379
49767
74009
73758
17233
38645
79937
41606
41423
30979
24685
29935
41327
65872
32036
35923
46249
21141
36369
37750
47258
3485
2094
31576
34027
51348
41687
59320
47634
33906
9079
53479
22952
49859
14519
41302
49635
17161
26213
75290
79765
48840
18158
72173
34470
76109
84433
34332
49148
21973
44595
41849
9596
81702
31823
63977
40897
20903
51612
54856
25507
55894
82056
38950
1289
50205
47500
49911
9004
32789
21334
32023
43695
48443
35813
29228
20515
69922
59643
25058
27161
20123
4755
27802
37473
22899
27615
38262
20844
16084
32149
48026
3939
39568
86355
26760
37260
30874
23430
64307
17985
80164
23539
12036
32223
84369
30965
52310
88762
42525
44263
78516
69252
39263
23695
40728
73418
45785
23594
62000
76094
19466
40385
85237
40898
34899
56397
51367
42227
53167
32399
55890
17408
41489
70731
22767
18556
62328
81776
21070
38032
7459
19161
39327
56632
36878
3628
51091
32626
36006
85511
17756
42798
68119
42005
30190
88673
30750
28554
32222
41982
51287
15379
48227
71222
53789
85998
29035
40179
28883
43300
48382
74991
72664
48100
72547
61658
31871
33118
38560
50475
30661
54386
79112
30780
36911
37758
86061
24049
46612
32920
3123
31007
29524
53539
43094
62869
31391
36419
13844
58354
44055
26059
29530
44583
35811
9720
34280
69306
39882
9860
86977
30195
71525
18826
84193
8224
24950
69423
42976
53392
76709
29806
26824
2694
42457
35786
87177
61619
66968
85515
24076
34664
30727
45210
39542
20366
66141
23135
68459
35946
28269
16759
30400
12250
64114
9801
88879
80136
66230
49125
64848
12715
83435
42200
24298
24941
55523
85294
29965
1359
16818
29584
37815
25603
34463
40307
63858
37385
60929
22625
88246
19644
87429
9617
74244
28134
60373
30301
65032
51912
81737
31783
19028
36587
18195
34900
17669
38902
65218
19345
57760
5207
88604
10344
87247
21035
37436
60883
56992
34671
81587
16227
34549
33624
25596
5845
86526
54673
89358
67769
29344
34072
23331
6999
65947
2612
82674
69090
47000
55821
25733
42463
33649
76989
32224
19660
65054
36120
59763
88477
66741
45251
42178
75150
70569
26549
43678
29475
18080
48573
52228
8556
58827
57299
40328
29602
38122
3692
13635
46425
54569
42712
81191
74946
52636
14241
65998
17034
73343
64168
69481
58209
80847
43940
40426
31618
39391
63945
27587
9379
40848
14003
65386
11893
31585
38356
60405
28623
77273
16334
15880
19385
77114
8076
31545
84110
88812
82912
53790
2362
75847
60158
29789
18499
58252
28068
38232
971
38204
51284
89026
44894
28682
31626
46337
6862
47317
47215
18179
46179
31182
13048
42724
32936
79292
53996
88049
31998
62201
8574
55683
25831
62150
21231
56039
31288
13924
65934
28264
35425
47878
35107
24769
22136
30859
21842
86610
11177
9782
11823
60340
88420
26391
37333
89219
33160
79037
26438
21160
29270
36400
40018
49727
4388
80803
46248
9455
20131
85634
37641
65457
3284
31248
47380
39959
69034
85360
35527
870
45875
29219
2147
19433
22427
22172
86047
76440
41415
41252
39207
69390
35473
43844
14751
22175
46048
87347
8629
20974
80539
41595
38209
76480
25734
33380
38681
30214
49863
85508
3456
81295
45128
56057
76048
73477
31883
52920
41412
79641
35440
64585
37705
33989
734
86648
38913
57201
3682
22974
9721
36651
11940
37777
2740
37803
46256
69376
19954
36648
328
75013
20846
61606
50355
63896
7943
28464
27735
75066
29057
43918
56549
60229
68308
82606
31811
8360
24927
38385
48952
30756
43021
78712
45189
28058
30658
46077
43284
76476
69293
54227
28781
77883
6782
83447
33923
78977
2235
36014
20169
34402
38718
72956
20905
52008
23992
68360
76079
31926
40965
13363
21179
52955
69682
49514
46738
32774
3564
63237
39295
6111
38755
39037
35686
22536
35071
15830
12396
26888
29427
83115
32782
7975
69312
50520
23717
12643
48770
51514
81645
43669
63712
69219
79338
58145
38251
60687
48912
75287
13219
38214
41058
19588
20139
73094
2996
39734
30629
13866
27248
28724
76896
65453
8109
44822
54759
89136
39830
54545
10302
55680
42941
36015
31992
59290
8890
62627
40303
26711
26884
47731
34637
41794
77566
53107
48560
61366
41445
43845
82466
58867
25753
55546
22318
76763
56271
43212
41486
28482
5465
40373
10327
40743
29990
10084
40374
30332
37175
29107
44711
48778
24982
83495
38128
10315
14503
17373
26775
53179
10909
48658
11578
37207
18765
68804
26954
22733
56262
56581
80453
36768
26482
4651
33635
44813
63088
41632
59298
38549
25745
42449
61074
75933
43251
41026
63866
25739
13279
56062
16621
77553
46233
44296
45759
43011
48556
89459
60324
32182
55201
85292
14462
40152
28026
18286
88310
29799
30013
73942
41702
37760
33939
87044
26535
14464
77459
83201
14405
48412
21158
30796
22796
23633
87754
43151
79675
40582
39009
28237
19480
61476
16933
89149
36186
51635
38770
42765
45855
28537
71670
24395
36870
25405
39794
25452
11345
11094
35358
17781
14591
37634
32529
27636
27880
63947
38933
89392
89011
40733
18180
61185
36685
24114
23094
45213
40797
35500
7813
31677
38297
40444
21408
10812
21034
53297
75629
71633
32338
17379
18118
27965
15303
88251
5679
63109
88189
72535
35399
61025
85107
34497
32371
70975
14155
80758
73453
88769
8699
46523
45187
23338
7619
82270
36850
58745
22918
38172
40118
35554
79978
45597
36694
44745
14494
87126
47287
52698
49364
89442
32812
15054
32278
67276
60469
86954
26763
88911
38164
80603
16813
67549
43863
48435
3850
50091
23746
24001
17946
5940
77
21978
63596
14938
38134
29696
35113
40477
32874
66998
10253
32770
45116
45115
21395
18859
45003
45729
17947
27007
19551
56976
19738
9078
32972
43625
10012
49119
49466
65359
37990
33978
4400
22242
38822
29425
41869
2027
22660
25274
43487
83837
26334
69832
10793
39691
30733
55156
23997
42920
57480
48296
24705
43205
47966
65183
9087
74902
20372
45810
27398
44210
60801
88921
78886
77046
36742
14558
48949
74489
8785
34601
76233
38973
40861
16316
23267
29568
20404
43700
32759
72832
73583
75238
15399
47241
20465
89045
15603
11337
57011
89463
48084
76245
8482
29694
6735
79586
23444
40388
53132
46709
61717
22724
1596
59002
26759
31480
37956
81349
28121
29895
19188
57003
61726
88755
17021
55872
37526
65707
37875
47961
78013
31719
48798
21594
14354
46886
11357
62626
82706
14273
30487
47050
28664
38546
955
13239
42307
41889
60311
21102
31411
58577
14564
52832
43278
67705
34431
23443
84254
75647
3379
64597
85377
19150
32838
30482
39243
41282
19400
88661
33086
32571
36013
67385
14971
25033
18202
42020
25857
51324
49791
85216
73096
51892
33470
58549
30718
57309
33552
30685
23077
63245
34367
34362
68438
18681
82150
14027
34537
59412
80487
44989
18187
37948
82814
80369
953
21681
34710
73638
10687
22804
41631
59603
82320
45575
23427
55687
18115
48659
20668
51571
19293
4589
5466
74574
3942
36336
47180
31178
37871
19705
34690
84765
9707
81515
75684
58149
72299
6016
87307
40631
12776
49761
43334
43546
27462
61036
40398
35757
34712
49875
76078
27987
15622
84551
23244
77975
48520
39739
42316
9800
23249
85151
31100
49957
43198
49641
53324
44780
12337
45367
29931
45989
19687
85928
28606
68012
21766
63327
9107
75186
19755
40111
79348
30763
72297
33512
25620
16319
4124
80429
5594
72945
28366
75301
80017
53980
78802
58259
58221
11365
36799
21853
19024
48883
21030
21448
27579
59540
4152
89288
15578
81377
53906
30459
77796
42596
30367
70368
42267
44269
32533
22018
21863
12298
60219
35124
63369
75658
27712
55206
23493
43723
74742
27969
26225
28512
6680
52079
88149
38171
29406
63717
12636
34977
64973
39590
19752
20640
55304
84784
83892
31918
26721
23308
13619
35615
84874
84564
691
44776
82975
85937
66128
43638
77329
73568
47622
67412
25685
22256
35392
33944
42748
33598
37344
44565
15779
39529
76481
32030
27972
74293
34271
43976
44273
55804
